0; 6172; 148324240; 1362; 1906;
0; 6170; 162302499; 1460; 2043;
0; 6168; 162302499; 1460; 2043;
0; 6166; 161415565; 1114; 1559;
0; 6156; 156236787; 716; 1002;
0; 6154; 156236787; 994; 1391;
0; 6152; 156236787; 132; 184;
0; 6140; 147793017; 94; 131;
0; 6138; 147793017; 94; 131;
0; 6136; 152113818; 94; 131;
0; 6134; 149650602; 94; 131;
0; 6110; 160778338; 1320; 1847;
0; 6108; 160778338; 508; 711;
0; 6104; 161134666; 1316; 1842;
0; 6102; 161134666; 34; 47;
0; 6080; 156337777; 1370; 1917;
0; 6078; 156337777; 1316; 1842;
0; 6076; 163039753; 1260; 1764;
0; 6074; 163039753; 716; 1002;
0; 6072; 156623011; 130; 182;
0; 6024; 155371788; 1430; 2001;
0; 6022; 155371788; 1754; 2455;
0; 6016; 163041050; 1370; 1917;
0; 6014; 163041050; 606; 848;
0; 6010; 137449883; 1534; 2147;
0; 6008; 137449883; 936; 1310;
0; 5996; 162647965; 710; 993;
0; 5994; 162647965; 724; 1013;
0; 5992; 162113791; 828; 1159;
0; 5990; 162113791; 894; 1251;
0; 5988; 159921426; 790; 1106;
0; 5986; 162068512; 790; 1106;
0; 5984; 160198924; 1430; 2001;
0; 5982; 160198924; 1430; 2001;
0; 5980; 160589043; 1714; 2399;
0; 5972; 164935691; 1550; 2170;
0; 5970; 164935691; 328; 459;
0; 5962; 162288116; 1068; 1495;
0; 5960; 162288116; 832; 1164;
0; 5958; 138031245; 1446; 2024;
0; 5954; 162067030; 284; 397;
0; 5952; 162067030; 310; 434;
0; 5950; 162289779; 2538; 3553;
0; 5946; 162648155; 310; 434;
0; 5944; 162648155; 36; 50;
0; 5942; 152030499; 36; 50;
0; 5940; 162986582; 38; 53;
0; 5938; 165118262; 38; 53;
0; 5936; 165118262; 554; 775;
0; 5934; 156081776; 410; 574;
0; 5932; 156081776; 202; 282;
0; 5930; 156081776; 598; 837;
0; 5912; 161388759; 568; 795;
0; 5910; 161388759; 850; 1190;
0; 5908; 155125623; 698; 977;
0; 5906; 164501796; 882; 1234;
0; 5904; 162537950; 714; 999;
0; 5902; 164761658; 724; 1013;
0; 5900; 161895938; 512; 716;
0; 5892; 162598023; 364; 509;
0; 5890; 162598023; 478; 669;
0; 5888; 148650143; 520; 728;
0; 5886; 148650143; 830; 1162;
0; 5884; 162537950; 714; 999;
0; 5882; 161895938; 478; 669;
0; 5880; 149516635; 478; 669;
0; 5878; 149516635; 560; 784;
0; 5876; 19925367; 676; 946;
0; 5864; 135944687; 112; 156;
0; 5862; 135944687; 918; 1285;
0; 5860; 162323522; 1236; 1730;
0; 5858; 162329450; 1332; 1864;
0; 5856; 162329450; 1310; 1833;
0; 5854; 162648092; 372; 520;
0; 5852; 162648092; 426; 596;
0; 5850; 162648092; 830; 1162;
0; 5848; 147793753; 346; 484;
0; 5846; 165449231; 410; 574;
0; 5838; 161644681; 314; 439;
0; 5836; 161644681; 314; 439;
0; 5830; 165273095; 314; 439;
0; 5828; 165273095; 392; 548;
0; 5824; 152682672; 328; 459;
0; 5822; 152682672; 654; 915;
0; 5820; 149828499; 638; 893;
0; 5818; 149994209; 628; 879;
0; 5816; 154416056; 628; 879;
0; 5814; 155390969; 628; 879;
0; 5812; 162272393; 652; 912;
0; 5806; 162073525; 724; 1013;
0; 5804; 162073525; 724; 1013;
0; 5802; 150128624; 714; 999;
0; 5800; 162647965; 1136; 1590;
0; 5798; 162647965; 710; 993;
0; 5796; 161902350; 714; 999;
0; 5794; 162647965; 906; 1268;
0; 5772; 155238776; 2522; 3530;
0; 5770; 155238776; 756; 1058;
0; 5768; 162302743; 638; 893;
0; 5716; 147901497; 300; 420;
0; 5714; 147901497; 1666; 2332;
0; 5696; 161644679; 224; 313;
0; 5694; 161644679; 56; 78;
0; 5692; 146707656; 96; 134;
0; 5690; 146707656; 116; 162;
0; 5670; 161644765; 336; 470;
0; 5668; 161644765; 132; 184;
0; 5666; 163009515; 194; 271;
0; 5664; 163009515; 96; 134;
0; 5662; 162840287; 196; 274;
0; 5660; 162952444; 254; 355;
0; 5658; 156081802; 288; 403;
0; 5656; 156081802; 1552; 2172;
0; 5600; 141439584; 246; 344;
0; 5598; 141439584; 176; 246;
0; 5596; 159880705; 196; 274;
0; 5594; 159880705; 406; 568;
0; 5590; 157912696; 406; 568;
0; 5588; 157912696; 278; 389;
0; 5586; 157817624; 1350; 1889;
0; 5584; 157817624; 900; 1260;
0; 5582; 157817624; 1440; 2015;
0; 5580; 149712432; 990; 1386;
0; 5578; 149712432; 1440; 2015;
0; 5576; 162940751; 990; 1386;
0; 5574; 162940751; 102; 142;
0; 5568; 154835969; 100; 140;
0; 5566; 154835969; 100; 140;
0; 5562; 161886745; 100; 140;
0; 5560; 161886745; 100; 140;
0; 5554; 160793661; 100; 140;
0; 5552; 160793661; 100; 140;
0; 5548; 162840240; 100; 140;
0; 5546; 162840240; 100; 140;
0; 5544; 158050957; 100; 140;
0; 5540; 154954157; 100; 140;
0; 5538; 154954157; 100; 140;
0; 5536; 154954156; 100; 140;
0; 5534; 154954158; 216; 302;
0; 5532; 147651904; 216; 302;
0; 5530; 147651904; 216; 302;
0; 5528; 147651904; 88; 123;
0; 5520; 161886745; 88; 123;
0; 5518; 161886745; 88; 123;
0; 5516; 154849328; 90; 125;
0; 5504; 154954158; 88; 123;
0; 5502; 154954158; 92; 128;
0; 5496; 162840225; 346; 484;
0; 5494; 162840225; 346; 484;
0; 5492; 162840225; 344; 481;
0; 5490; 162840225; 346; 484;
0; 5488; 162840225; 746; 1044;
0; 5486; 162840225; 720; 1007;
0; 5484; 162160206; 720; 1007;
0; 5482; 165463004; 320; 448;
0; 5470; 149470666; 288; 403;
0; 5468; 149470666; 394; 551;
0; 5466; 149470666; 692; 968;
0; 5464; 161784904; 864; 1209;
0; 5462; 139843212; 118; 165;
0; 5460; 164773808; 1222; 1710;
0; 5458; 34694562; 172; 240;
0; 5456; 164773808; 336; 470;
0; 5454; 28088309; 348; 487;
0; 5450; 150103679; 394; 551;
0; 5448; 149470667; 96; 134;
0; 5446; 144904714; 96; 134;
0; 5438; 18448447; 88; 123;
0; 5436; 18448447; 124; 173;
0; 5434; 148346079; 1616; 2262;
0; 5426; 161379043; 2278; 3189;
0; 5424; 161379043; 1630; 2282;
0; 5422; 161134467; 3462; 4846;
0; 5420; 163471785; 1790; 2506;
0; 5418; 164976036; 1630; 2282;
0; 5416; 164976036; 2302; 3222;
0; 5414; 165250454; 2134; 2987;
0; 5412; 165250454; 32; 44;
0; 5410; 157817098; 2018; 2825;
0; 5408; 157817098; 1174; 1643;
0; 5406; 161346773; 1214; 1699;
0; 5404; 161346773; 178; 249;
0; 5400; 161544231; 1214; 1699;
0; 5398; 161544231; 1214; 1699;
0; 5396; 161346772; 1728; 2419;
0; 5384; 161544231; 1422; 1990;
0; 5382; 161544231; 1422; 1990;
0; 5380; 161544231; 578; 809;
0; 5374; 161544231; 1422; 1990;
0; 5372; 161544231; 1422; 1990;
0; 5368; 161544230; 1782; 2494;
0; 5366; 161544230; 1782; 2494;
0; 5364; 161887208; 1524; 2133;
0; 5362; 160969502; 1524; 2133;
0; 5360; 160969502; 1524; 2133;
0; 5358; 160969502; 1038; 1453;
0; 5356; 161134713; 1058; 1481;
0; 5354; 161134713; 1038; 1453;
0; 5352; 164868386; 866; 1212;
0; 5350; 164868376; 866; 1212;
0; 5348; 164868376; 906; 1268;
0; 5346; 149828504; 866; 1212;
0; 5344; 149828504; 962; 1346;
0; 5342; 150224242; 1254; 1755;
0; 5336; 164976002; 1260; 1764;
0; 5334; 164976002; 1558; 2181;
0; 5330; 164976002; 736; 1030;
0; 5328; 164976002; 1298; 1817;
0; 5326; 164976002; 1154; 1615;
0; 5324; 161346649; 1466; 2052;
0; 5322; 161346649; 1728; 2419;
0; 5320; 161346649; 2242; 3138;
0; 5312; 161555541; 2604; 3645;
0; 5310; 161555541; 2598; 3637;
0; 5308; 165440192; 448; 627;
0; 5306; 163009513; 1192; 1668;
0; 5298; 164906464; 520; 728;
0; 5296; 164906464; 3118; 4365;
0; 5294; 161346747; 10; 14;
0; 5292; 161346747; 2598; 3637;
0; 5290; 161346747; 2690; 3765;
0; 5288; 161346747; 1298; 1817;
0; 5282; 161346747; 1806; 2528;
0; 5280; 161346747; 2944; 4121;
0; 5278; 161346747; 10; 14;
0; 5276; 161346747; 3118; 4365;
0; 5274; 161346747; 866; 1212;
0; 5272; 162294976; 1116; 1562;
0; 5266; 148650143; 498; 697;
0; 5264; 148650143; 930; 1302;
0; 5262; 162294790; 770; 1078;
0; 5254; 162780003; 866; 1212;
0; 5252; 162780003; 1126; 1576;
0; 5250; 165058497; 2580; 3611;
0; 5246; 165058488; 866; 1212;
0; 5244; 165058488; 342; 478;
0; 5212; 154954158; 32; 44;
0; 5210; 154954158; 28; 39;
0; 5146; 163009494; 494; 691;
0; 5144; 163009494; 528; 739;
0; 5142; 163009494; 488; 683;
0; 5140; 163009494; 510; 714;
0; 5138; 163009494; 514; 719;
0; 5136; 163009494; 780; 1092;
0; 5030; 158777433; 88; 123;
0; 5028; 158777433; 28; 39;
0; 5026; 163434960; 88; 123;
0; 5024; 163434960; 692; 968;
0; 5014; 162538837; 866; 1212;
0; 5012; 162538837; 1298; 1817;
0; 5010; 161384882; 1472; 2060;
0; 5008; 164085160; 346; 484;
0; 5006; 162538837; 718; 1005;
0; 5002; 162604826; 476; 666;
0; 5000; 162604826; 476; 666;
0; 4998; 162604826; 476; 666;
0; 4996; 149828499; 476; 666;
0; 4994; 162604826; 476; 666;
0; 4992; 162604826; 532; 744;
0; 4990; 164975807; 530; 742;
0; 4988; 162649382; 510; 714;
0; 4958; 149376315; 652; 912;
0; 4956; 149376315; 886; 1240;
0; 4952; 162538983; 606; 848;
0; 4950; 162538983; 1244; 1741;
0; 4938; 162649289; 336; 470;
0; 4936; 162649289; 336; 470;
0; 4934; 162649289; 694; 971;
0; 4932; 162649289; 1490; 2086;
0; 4930; 162537015; 1490; 2086;
0; 4928; 162537015; 1152; 1612;
0; 4926; 161555635; 12; 16;
0; 4924; 161555635; 602; 842;
0; 4922; 161555635; 584; 817;
0; 4920; 150215267; 620; 868;
0; 4918; 150215267; 606; 848;
0; 4914; 162067030; 606; 848;
0; 4912; 162067030; 602; 842;
0; 4910; 150215267; 536; 750;
0; 4908; 161784904; 896; 1254;
0; 4906; 161784904; 1126; 1576;
0; 4904; 161667692; 780; 1092;
0; 4902; 164975724; 866; 1212;
0; 4900; 164975724; 778; 1089;
0; 4898; 164975724; 1346; 1884;
0; 4896; 154878588; 174; 243;
0; 4894; 152048966; 156; 218;
0; 4892; 152048966; 92; 128;
0; 4890; 154290241; 96; 134;
0; 4888; 154290241; 96; 134;
0; 4886; 30456571; 212; 296;
0; 4884; 137158831; 102; 142;
0; 4876; 155267764; 458; 641;
0; 4874; 155267764; 100; 140;
0; 4836; 161844356; 206; 288;
0; 4834; 161844356; 198; 277;
0; 4832; 161844356; 206; 288;
0; 4830; 161844356; 208; 291;